0, A-FO-od, {2248, 2997, 5298, 12660, 15552, 16769}
1, A-FOj-xs-b, {962, 2235, 2248, 2843, 2997, 3496, 3498, 5298, 5475, 5993, 6000, 7344, 7439, 12647, 12660, 14378, 15552, 16769}
2, A-FOp-bs, {3496, 12647}
3, A-FOu-bbo, {962, 2235, 2248, 2843, 2997, 3496, 3498, 5298, 5475, 7439, 12647, 12660, 14378, 15552, 16769}
4, A-HAS-xsl-ci, {2235, 2843, 2997, 3496, 3498, 5993, 6000, 7344, 12647, 12660, 14378, 15546}
5, A-HAd-kd, {2235, 2843, 2997, 3498, 5993, 6000, 7344, 8973, 12660, 14378, 15552}
6, A-HAm-cib, {2235, 2248, 2843, 2997, 3498, 5298, 5475, 5993, 6000, 7344, 12647, 12660, 14378, 15552}
7, P_-HAb-cib, {2235, 2246, 2688, 2843, 2997, 3496, 3498, 5993, 5997, 6000, 6205, 7344, 11445, 12647, 12660, 14378}
8, P_-HAj-xci-od, {2246, 2688, 2689, 2843, 3496, 3498, 6000, 6205, 7344, 8910, 14378, 16767}
9, P_-HAo-ci, {2688, 2689, 2843, 7344, 14378}
10, P_-HAw-fr, {2688, 2689, 2843, 3498, 7344, 8910, 14378, 16767}
11, P_-TK-s, {7344, 14378}
